39
44
41
40
44
33
38
45
35
42
36
43
43
36
40
29
31
30
34
41
40
57
40
37
38
36
39
38
38
32
41
36
42
36
38
36
45
40
27
41
50
37
40
43
45
42
40
40
37
38
43
46
34
48
49
35
43
44
32
34
47
36
43
40
47
35
45
40
38
35
42
36
49
39
31
35
45
37
43
39
35
40
38
48
36
46
40
38
38
36
41
34
37
38
43
40
33
32
36
31
33
39
42
36
43
34
36
41
50
37
39
44
39
38
38
43
31
38
33
35
37
37
33
40
34
29
33
45
26
35
44
42
48
41
37
40
35
39
32
43
44
38
34
41
36
34
44
35
39
41
43
39
35
41
38
37
37
47
40
22
36
42
37
36
47
46
32
47
44
38
34
39
36
39
32
43
36
41
33
39
39
40
37
41
33
45
31
42
41
43
46
43
37
35
48
36
44
43
35
47
41
52
